4 6 4 11 13 8 9 13 12 8 18 0 0 0 0 0 0 0 0 0
11 13 16 13 9 9 11 11 0 0 0 0 15 0 11 1 0 0 0 0
11 9 11 9 10 0 0 0 0 0 0 0 0 0 0 0 0 0 0 0
8 1 15 4 0 0 0 0 0 0 0 15 0 0 0 0 0 0 0 0
14 19 4 4 16 8 8 11 16 9 0 0 0 0 0 0 0 0 0 0
9 16 16 13 6 12 9 0 0 0 0 0 0 0 16 0 0 0 0 0
6 1 19 10 9 9 9 0 0 0 0 0 0 0 0 0 0 0 0 0
17 18 19 15 12 9 0 0 0 0 0 0 0 0 0 0 0 14 0 0
7 8 11 17547 10 19 16 15 16 0 0 0 0 0 13 0 0 0 0 0
4 9 11 11 10 13 0 0 0 0 0 0 0 0 0 0 0 0 0 0
4 11 19 10 4 0 9 0 0 0 0 0 0 8 0 0 0 0 0 0
9 0 7 0 0 0 0 0 0 0 0 0 0 0 0 0 0 0 0 0
4 9 0 0 0 0 0 0 0 16 0 0 0 0 0 0 0 0 0 0
11 16 9 9 0 0 0 13 0 0 0 0 9 0 0 0 0 15 0 0
5 15 13 10 15 15 16 11 15 16 0 0 0 0 16 0 5 0 0 0
15 13 7 10 9 0 16 0 0 0 0 0 0 9 0 0 0 0 0 0
0 7 16 8 0 0 0 0 0 0 0 16 19 0 0 0 0 0 0 0
4 6 9 0 0 0 0 0 0 0 0 0 0 0 0 0 0 0 0 0
1 4 16 15 15 0 0 0 0 0 0 0 0 0 0 0 0 0 0 0
4 11 7 6 13 9 0 0 0 0 0 0 0 0 0 0 0 0 0 0
16 6 16 14 9 16 9 0 0 0 0 16 0 0 0 0 0 0 0 0
17 11 15 0 0 0 0 0 0 0 0 0 0 0 0 0 0 0 0 0
9 16 15 7 4 15 11 9 14 9 0 0 0 0 0 0 9 0 0 0
2 15 9 14 9 18 9 6 13 0 0 0 0 0 0 12 0 0 0 0
10 9 0 11 9 0 0 0 0 0 0 0 0 16 0 0 0 0 15 0
8 9 7 6 13 1 18 9 15 0 0 0 0 0 0 0 0 0 0 0
11 14 15 13 16 11 7465 15 2 15 0 0 0 0 0 0 0 0 0 0
2 5 16 15 16 16 8 10 16 18 0 0 0 0 0 0 0 0 0 0
8 10 13 11 11 13 9 15 9 9 0 9 0 0 0 0 0 0 0 0
7 11 8771 16 19 12 13 4 1 13 11 14 0 0 0 0 0 0 0 19
4 4 11 8639 8 11 13 16 9 15 19 0 14 0 0 0 0 0 0 0
16 8 1 12 16 11 19 3 12 14 0 15 0 0 0 0 0 0 0 0
16 9 9 9 0 0 0 0 0 0 0 0 0 0 0 0 0 0 0 0
9 9 11 8 13 9 15 0 0 0 0 0 0 0 0 0 0 0 0 0
10 16 7 1 7447 0 0 0 0 0 0 0 0 0 0 0 0 0 0 0
1 4 19 0 0 0 0 0 0 0 0 0 0 0 0 0 0 0 14 0
2 9 16 10 0 0 0 0 10 0 0 0 0 0 0 0 0 0 0 0
0 0 0 0 0 0 0 0 0 13 0 0 0 0 0 18 0 12 0 0
5 9795 10 13 9 16 15 1 0 0 0 0 0 0 0 0 0 0 0 0
16 11 11 5 2 17 11 9 0 0 0 0 6 0 0 0 13 0 0 0
10 12 15 16 19 11 8 8 9 11 10 7 16 0 0 10 0 0 0 0
1 9 16 9 16 11 13 0 0 0 0 0 0 0 0 0 0 0 15 0
13 16 0 9 15 0 0 0 0 12 0 0 0 0 0 0 0 0 0 0
7 13 6 7 13 7 0 0 0 0 0 0 0 0 0 6 0 0 0 0
4 4 9 9 0 0 0 0 0 0 0 0 0 0 0 0 0 0 0 0
1 0 0 0 0 0 0 0 0 0 0 0 9 0 16 0 0 0 0 0
4 7 18 0 15 7 16 0 14 0 0 0 0 0 19 0 0 0 0 0
17 7 13 9 0 0 0 0 0 0 0 0 0 0 0 0 0 0 0 0
13 10 0 0 0 0 4 0 0 0 0 0 0 0 0 0 0 0 0 0
7 19 7 9 15 8 7 9 16 9 16 0 0 0 0 0 0 0 9 0
14 9 11 11 0 0 0 0 0 0 0 0 0 19 0 0 0 0 0 16
9 9 0 0 0 0 0 0 0 0 0 0 0 0 0 0 0 9 0 0
15 13 7 10 9 7 1 6 0 19 0 0 0 0 0 0 0 0 0 0
16 10 16 7 16 13 10 14 0 0 0 0 0 11 0 0 0 0 0 0
16 13 12 1 15 13 0 0 0 0 0 0 0 0 0 0 0 0 0 0
9 19 9 13 7 12 0 15 0 0 0 0 0 0 13 0 0 0 0 0
9 9 15 15 14 11 11 6 0 0 0 0 13 0 0 0 0 0 0 0
11 15 19 2 7 12 7 11 16 0 0 14 0 0 0 0 13 0 0 0
4 2 19 0 0 0 0 0 0 0 0 0 4 0 0 0 0 0 0 0
8 13 16 13 0 15 0 0 0 0 0 0 0 0 0 0 0 0 0 0
13 9 9 9 9 9 16 0 0 0 0 0 0 0 0 0 0 0 0 0
13 11 16 9 4 9 0 0 0 0 0 0 0 0 0 0 0 15 0 0
16 1 15 8 19 15 13 9 0 0 0 0 0 12 0 0 0 0 0 0
13 10 9 8 15 13 6 8 16 0 0 0 0 0 0 0 0 0 0 0
15 11 11 4 0 0 0 0 0 0 0 0 0 0 0 0 0 0 0 0
13 9 13 16 9 0 0 0 0 0 16 0 0 0 0 0 0 0 0 0
11 10 1 9 16 9 0 6 0 0 0 0 0 0 0 0 0 0 9 0
6 16 13 9 9 168 0 0 0 0 0 0 0 0 0 0 0 0 0 0
16 16 13 13 16 0 4 0 0 0 9 0 0 0 13 0 0 0 16 0
11 11 11143 13 9 9 0 0 0 0 0 0 0 0 0 0 0 0 0 0
19 13 15 7 8 0 0 0 0 0 19 0 0 0 0 0 0 0 0 0
16 11 16794 0 9 0 0 9 0 0 0 0 13 0 0 0 0 0 0 12
1 13 7 13 15 6 12 0 0 0 0 0 0 0 0 16 0 0 0 0
12 15 4 16 9 0 0 0 0 13 0 0 15 11 0 0 0 0 0 16
8 13 16 13 16 16 19 9 0 14 0 0 0 0 0 0 0 0 0 0
9 16 9 7 19 9 0 0 0 16 0 0 0 0 0 0 0 0 0 0
0 9 6 0 0 0 0 0 0 0 11 0 0 9 9 0 0 0 0 0
16 15 15 9 14 16 13 11 9 0 19 0 0 0 0 0 0 0 0 0
11 0 14 16 18 0 4 14 0 0 0 0 9 16 0 0 0 0 0 0
18 9 15 11 13 4 11 9 0 0 0 0 9 0 0 0 0 0 0 0
9 16 19 5 9 0 0 0 0 0 0 0 0 0 0 0 0 0 0 0
10 7 7 16 6 13 10 9 0 0 0 0 0 0 0 0 0 0 16 0
16 13 16 16 15 16 0 0 0 0 0 0 0 0 0 0 0 0 0 0
8 13 9 15 16 12 0 0 0 0 0 0 0 0 0 0 0 0 0 0
9 15 10 7 13 9 10 12 0 0 0 0 0 0 0 0 0 0 0 0
15 11 11 2 7 12 18 10 16 9 4 0 0 0 0 0 0 0 0 0
5 12 10 16 19 18 9 0 0 0 0 0 0 0 0 0 0 0 0 0
13 1 9 16 19 19 13 0 0 0 0 0 0 0 0 0 15 0 0 0
9 11 1 9 16 9 19 0 0 0 0 0 0 9 0 0 0 0 0 0
2 15 11 13 13 9 11 13 9 9 13 0 0 0 0 0 0 0 0 0
15 12 1 9 9 16 10 16 0 0 0 0 0 15 0 0 0 0 0 0
13 10 9 9 8 10 15 0 0 0 0 0 0 0 18 0 11 18 0 0
7 12 9 19 16 9 7 13 8 16 0 0 12 19 0 0 0 0 0 18
10 15 16 1 9 13 0 0 0 0 0 0 0 0 0 0 0 0 0 0
11 18544 19 9 4 9 9 0 0 0 9 0 0 0 0 0 0 0 0 0
15 18 16 13 15 19 15 9 11 1 15 0 0 16 0 0 0 0 0 0
11 16 7 13 1 11 0 0 0 0 0 0 0 0 0 0 0 0 0 0
6 11 19 11 15 16 16 16 12 9 7 10 6 0 0 0 0 0 0 0
1 8 2 1 6 14 4 0 0 0 0 0 0 16 0 0 0 0 0 0
9 9 10 12 9 14 13 0 0 0 0 0 19 0 0 0 0 0 13 0
12 15 9 9 0 11 19 0 0 0 0 0 0 0 0 0 0 0 0 0
1 16 9 11 13 15 9 0 0 11 0 0 0 0 0 14 9 0 0 0
16 13 1 13 9 16 0 0 0 0 0 0 0 0 0 0 0 0 0 0
11 3 1 11 18 12 16 9 11 0 0 0 0 0 0 0 0 0 0 0
9 7 14 0 0 0 0 0 0 0 0 0 0 0 0 0 0 0 0 0
8 0 16 0 0 0 15 0 0 0 0 0 0 0 0 0 0 0 0 0
9 10 9 16 9 10 0 0 0 0 0 0 0 0 0 0 0 0 0 0
10 1 13 7 16 19 16 7 16 0 0 0 15 0 0 0 0 0 0 0
10 0 9 0 0 0 0 0 0 0 0 0 0 0 0 0 0 0 0 0
14 19 15 12 13 16 16 12 9 19 12 0 0 0 0 0 0 0 0 0
0 16 0 0 0 0 0 0 0 0 0 0 0 0 0 0 0 0 0 0
8 1 16 9 8 1 4 9 0 0 0 0 0 0 16 0 0 0 0 16
7 11 15 7 9 9 9 13 0 0 15 0 0 0 0 0 0 0 0 4
8 16 9 14 11 14 0 0 0 0 0 0 0 0 0 0 0 0 0 0
1 9 8 2 9 11 9 16 19 0 0 0 0 0 0 0 0 0 0 0
7 10 4 19 9 4 0 0 0 0 0 0 0 14 0 0 0 0 0 0
9 4 13 1 4 9 13 7 9 0 0 18 0 0 0 0 0 0 0 0
7 16 2 14 13 7 6 14 7 5 0 0 0 0 0 0 0 0 0 0
11 11 19384 13 0 11 0 0 0 0 0 0 0 0 0 0 0 0 0 0
4 11 11 23 13 16 0 0 0 0 0 0 0 0 0 0 7 16 0 0
6 10 9 10 0 0 16 0 0 0 0 9 0 0 0 0 0 0 9 0
6 11 15 8 0 13 0 0 0 0 0 0 0 0 0 9 0 0 0 0
1 9 15 16 10 13 9 0 0 0 0 0 0 0 0 0 0 13 0 0
1 11 16 1 0 0 0 0 0 0 0 0 0 0 9 0 9 0 0 0
11 6 16 9 9 14 0 0 0 0 0 0 0 0 0 0 0 0 0 0
11 3 13 19 7 4 0 0 11 0 0 13 18 0 0 0 0 0 0 0
13 16 9 19 9 15 16 7 0 0 0 0 0 0 0 0 0 0 0 7
16 7 16 15 13 7 4 1 0 0 0 9 0 0 0 0 0 0 0 9
