4 6 9 0 0 0 0 0 0 0 0 0 0 0 0 0 0 0 0 0
2 16 16 11 5 10 10 18 0 0 0 0 0 0 11 0 0 0 0 0
4 11 14 7 7 4 9 0 19 0 9 0 0 0 16 0 0 0 0 0
16 13 13 13 8 10 8 4 9 15 0 0 0 0 0 0 0 0 0 0
13 19 14 0 9 9 0 0 0 0 0 0 0 0 0 0 0 0 9 0
9 15 9 13 4 15 19 9 0 0 9 0 0 0 0 0 0 0 0 0
11 16 0 0 0 0 0 0 0 13 0 0 0 0 15 0 0 0 0 0
0 13 9 7 0 0 0 0 0 0 0 0 0 0 0 0 0 0 0 0
13 7 16 0 9 0 0 0 0 0 0 0 0 0 0 0 0 0 0 0
15 10 1 11 1 11 11 14 16 13 0 0 0 0 13 0 0 19 0 0
7 18 9 0 0 0 0 0 0 0 0 0 0 0 0 0 0 0 0 0
4 9 4 11 16 9 11 52 0 0 0 0 0 0 0 0 0 0 0 0
0 0 0 0 0 0 0 0 0 0 0 15 0 0 0 0 12 0 0 0
19 8 7 11 19 11 4 15 0 16 0 0 0 0 0 0 0 16 0 0
10 16 16 19 9 19 2 13 0 0 15 0 0 16 0 0 0 0 0 0
4 10 16 9 13 10 13 0 6 0 13 0 0 0 0 0 0 0 0 0
11 19 11 9 9 0 0 0 0 0 13 0 0 0 0 0 0 0 0 0
16 15 9 9 16 0 0 0 0 0 0 0 0 0 0 0 0 0 14 0
14 12 15 1 16 9 14 16 15 18 11 0 0 0 0 0 0 0 0 0
7 15 9 11 3 12 6 16 13 0 0 0 0 0 0 0 0 0 0 0
4 7 13 9 19 15 0 0 0 0 0 0 16 0 0 0 0 0 15 0
10 18 13 16 14 16 11 19 13 0 0 0 0 0 0 0 0 0 0 0
5 15 7 13 16 9 10 13 14 0 0 0 0 0 0 9 0 0 0 0
15 18 8 15 10 10 16 9 9 0 16 0 0 0 0 0 0 0 0 0
16 7 8 1 16 4 3 0 0 0 0 0 0 6 0 0 16 0 0 0
11 372 6 7 6 1 0 7 0 0 0 0 0 0 0 0 0 0 0 0
9 14 16 9 11 16 9 10 0 0 0 0 0 0 0 0 0 0 11 18
4 8 10 13 9 12 9 9 19 9 1 0 0 0 11 0 0 0 0 0
5 17 12 4 9 16 0 0 0 0 0 0 0 0 0 0 0 0 0 0
2 7 0 4 16 9 0 0 0 0 0 0 0 10 0 0 0 0 0 0
8 9 7 16 9 0 0 0 0 0 0 0 0 0 6 0 0 0 0 0
0 9 8 12 0 0 0 0 0 0 0 9 0 0 0 0 0 0 0 4
18 19 13 15 13 18 9 2 9 16 16 0 0 0 0 0 0 0 0 0
9 7 15 11 8 11 13 9 16 0 0 0 13 0 0 0 0 4 0 0
8 7 8 9 15 6 0 0 0 0 15 0 0 0 0 0 0 0 0 0
14 9 9 19 16 16 0 0 0 0 0 0 0 0 0 0 0 0 0 15
2 1 11 7 11 3 15 3 9 19 16 8 12 19 0 0 0 0 0 0
4 16 8 7 2 9 10 18 19 9 0 0 19 0 0 0 0 0 0 0
10 8 15 0 9 0 0 0 0 0 9 0 0 0 0 0 0 0 0 0
1 13 18 16 12 13 9 0 0 0 0 0 0 0 0 0 0 0 0 0
9 11 7 0 0 0 0 0 16 0 0 0 0 0 0 14 0 0 0 0
7 9 19 9 0 13 0 0 0 0 0 0 0 0 0 0 0 0 0 0
7 15 10 9 0 0 0 0 0 0 0 16 0 0 0 0 0 0 0 0
15 4 14 9 9 6 14 16 0 0 0 0 0 0 0 0 6 0 0 0
11 11 8 10 18 7 0 16 13 0 0 0 0 0 0 0 9 0 0 0
1 10 15 13 10 11 0 16 11 0 15 0 9 0 0 0 0 16 0 0
11 18 16 9 9 14 10 0 0 0 0 0 0 16 0 0 0 0 0 0
8 11 3 13 6 9 11 6 19 0 0 0 0 0 0 0 0 0 0 0
11 274 19 16 16 4 13 9 0 0 0 0 0 0 0 0 0 0 0 0
6 13 0 19 13 0 0 0 0 0 0 0 0 0 0 0 0 19 0 0
0 9 0 0 0 0 0 0 0 0 0 0 9 0 0 0 14 0 0 0
6 15 12 16 19 18 16 9 0 13 0 0 0 0 0 0 0 0 0 0
8 4 16 10 11 19 9 16 6 0 0 0 0 0 0 0 0 0 0 0
7 13 16 10 0 0 0 0 0 0 0 0 0 0 0 0 0 0 0 0
2 7 16 15 12 0 0 0 0 0 0 0 0 0 0 10 0 0 0 13
1 16 11 13 9 7 0 0 0 0 0 0 0 0 0 8 0 0 0 0
1 0 10 0 0 0 0 0 0 0 0 0 0 0 0 0 0 0 0 0
12 9 9 11 0 0 0 0 0 0 0 0 0 0 0 0 0 0 15 0
2 2 4 16 7 4 7 11 16 14 14 10 4 0 0 0 0 9 0 0
9 4 6 19 16 15 10 0 0 0 0 0 0 0 0 0 0 0 0 0
10 9 0 0 0 7 0 0 0 0 0 0 0 0 0 11 0 0 0 0
16 9 12 13 13 9 0 0 0 10 0 0 0 0 0 0 0 18 0 0
13 6 11 9 10 9 16 15 0 0 0 0 0 19 0 0 0 0 0 0
4 9 7 7 18 16 15 15 11 9 16 0 0 0 0 0 0 0 0 0
7 8 9 0 13 18 0 0 0 0 0 0 0 0 0 0 0 0 0 0
9 11 11 17 12 15 14 9 0 0 0 12 0 0 0 0 0 0 0 0
2 9 11 19 8 16 0 0 0 0 0 14 0 0 0 0 0 0 0 0
18 6 19 16 19 14 3 0 13 0 0 0 0 0 0 0 0 0 0 0
9 9 19 13 16 0 0 15 0 0 0 0 0 0 0 0 0 0 0 0
4 10 16 11 6 12 11 2358 9 0 0 0 0 0 0 0 19 0 16 0
11 2154 15 12 16 13 9 0 13 0 0 0 0 0 0 0 0 0 0 0
11 7196 11 1363 13 9 8 15 0 0 0 0 0 0 0 0 0 0 0 0
16 9 2 9 15 15 9 13 12 0 8 0 0 0 0 0 0 0 0 0
10 11 9 4 0 0 0 0 0 0 0 0 15 10 0 0 0 0 0 0
3 16 18 0 0 0 0 18 0 0 0 0 0 0 0 0 0 0 16 0
11 12 2 1 1 13 9 10 9 4 16 0 0 0 0 0 10 0 0 0
10 3 5 12 10 14 16 8 16 9 16 0 0 0 0 0 0 0 16 0
4 11 15 12 9 16 9 11 18 0 16 0 0 0 0 0 0 0 0 0
7 9 11 8 19 7 13 15 16 0 0 0 0 0 9 0 0 0 0 0
7 0 0 0 0 0 0 0 0 0 0 0 0 0 0 0 0 0 0 0
4 13 19 9 12 16 13 19 16 0 0 0 0 0 0 0 0 0 0 0
13 9 10 16 0 0 9 0 0 0 0 0 0 0 0 0 0 0 0 0
9 7 11 15 1 9 0 9 0 0 0 13 0 0 0 0 0 0 0 0
14 19 15 9 8 19 7 12 7 10 0 0 0 9 0 0 0 0 0 0
2 14 13 0 16 12 0 0 0 0 0 0 0 0 0 0 0 0 0 9
13 13 10 16 19 11 13 11 9 0 0 0 0 0 0 0 0 0 0 0
11 13 10 9 6 10 6 0 0 0 0 8 0 0 0 15 0 0 0 0
8 13 10 14 15 15 9 0 0 0 0 0 0 0 0 0 0 0 0 0
4 2 10 13 16 13 12 11 12 11 16 9 6 19 0 0 0 0 0 0
4 11 14 16 10 9 6 9 0 9 13 0 0 0 0 0 0 9 0 0
10 9 13 9 0 0 0 0 0 0 0 0 0 0 14 0 0 0 0 0
4 9 11 9 11 16 16 0 0 12 0 0 13 0 0 0 0 19 0 0
0 0 0 0 0 16 0 0 14 0 0 0 0 0 0 0 0 0 0 0
16 8 10 9 0 0 0 0 15 0 9 0 0 0 0 0 0 0 0 0
2 7 11 211 12 15 15 13022 1 2 9 16 16 19 0 0 0 0 0 0
1 9 4 9 13 10 0 0 0 0 0 0 0 0 0 0 0 0 0 0
12 9 13 16 1 13 11 9 9 0 0 15 0 0 0 0 0 13 0 0
11 16548 16 16 5 19 11 19 9 0 0 0 0 0 0 0 0 0 0 0
4 11 19 0 0 0 0 0 0 16 0 0 0 0 13 0 0 0 15 0
15 7 1 8 11 12 9 7 19 0 0 0 0 0 16 0 0 0 0 16
1 12 0 0 0 0 0 0 0 0 0 0 0 19 0 0 0 0 0 0
11 17074 14 14 13 16 12 0 6 0 0 0 0 0 0 0 0 0 0 0
9 11 16 9 9 0 0 0 0 9 0 0 0 0 0 0 0 0 0 0
9 11 3194 15 0 15 0 0 0 0 0 11 0 0 0 0 0 0 0 0
10018 0 9 0 0 0 0 0 0 0 0 0 9 0 0 0 0 0 0 0
11 3 12 9 0 15 0 0 0 0 0 13 0 0 0 0 0 17 0 0
9 16 9 9 2 11 12 0 9 0 0 0 0 0 9 9 0 0 0 0
18 1 0 0 0 0 0 0 0 0 0 0 0 0 0 0 0 0 0 0
6 9 13 16 18 9 0 0 0 0 0 18 0 0 0 0 0 0 0 0
1 9 9 16 0 0 0 0 0 0 0 0 0 0 0 0 0 0 0 0
19 0 16 9 19 0 16 0 0 0 0 4 0 0 0 0 0 0 0 0
10 16 0 0 0 0 0 0 0 0 0 0 0 0 0 0 0 0 0 0
16 1 1 7 19 15 16 0 0 0 0 0 0 0 0 0 0 0 0 0
19 12 13 9 16 16 11 15 13 0 0 0 0 18 0 0 0 0 0 0
12 7 16 16 11 3 19 13 6 11 3602 0 16 16 0 0 0 0 0 0
13 13 10 8 0 0 0 18 0 0 0 0 0 0 15 0 0 0 0 0
8224 16 16 0 0 0 0 0 0 0 0 0 0 0 0 0 0 9 2 0
19 19 9 16 9 4 16 0 0 0 0 0 0 0 0 16 0 0 0 0
13 9 16 13 0 8 0 0 0 15 0 0 0 0 0 0 0 0 0 0
11 9 10 0 0 0 0 0 0 0 0 0 0 0 0 0 0 0 0 0
4 13 10 9 13 5 14 19 13 9 0 0 0 0 0 0 0 0 0 0
10 13 13 15 9 9 4 0 9 0 0 0 0 0 0 0 0 0 16 0
0 0 0 0 0 0 0 0 19 0 0 0 0 0 0 0 0 0 0 0
8 16 7 19 5 12 10 16 7 9 9 0 0 0 0 0 0 0 0 0
16 9 13 2 16 0 15 0 0 0 0 0 0 0 0 0 0 19 12 0
16 12 0 15 0 0 0 0 0 0 0 0 0 0 19 2 0 0 0 0
9 13 0 0 0 0 0 0 0 0 0 0 0 0 0 0 0 0 0 0
4 9 0 0 0 13 0 0 0 10 0 0 0 0 0 0 9 0 0 0
