2 1 1 3 2 1 3 2 1 1 0 0 0 0 0 0 0 0 0 0
2 4 1 1 10 3 1 3 2 1 0 0 0 0 0 0 0 0 0 0
2 1 3 4 6 8 2 4 1 8 1 0 0 0 0 0 0 0 0 0
2 1 16 7 13 15 10 12 3 2 12 10 1 0 0 0 0 0 0 0
2 4 1 1 5 3 2 1 0 0 0 0 0 0 0 0 0 0 0 0
20 7 2 4 1 5 14 3 2 12 1 1 0 0 0 0 0 0 0 0
1 8 4 1 1 3 2 4 1 0 0 0 0 0 0 0 0 0 0 0
2 7 2 4 8 4 1 3 2 1 1 8 2 1 3 2 1 0 0 0
2 4 1 18 1 3 2 1 1 3 2 1 0 0 0 0 0 0 0 0
2 1 7 2 1 3 2 1 0 0 0 0 0 0 0 0 0 0 0 0
2 1 1 10 3 2 1 1 0 0 0 0 0 0 0 0 0 0 0 0
11 6 18 3 2 1 3 2 1 0 0 0 0 0 0 0 0 0 0 0
2 1 16 7 12 5 8 12 5 14 0 0 0 0 0 0 0 0 0 0
2 1 3 6 16 17 10 3 1 0 0 0 0 0 0 0 0 0 0 0
2 1 3 2 1 1 8 1 0 0 0 0 0 0 0 0 0 0 0 0
2 4 1 4 4 1 1 1 0 0 0 0 0 0 0 0 0 0 0 0
2 1 1 3 11 4 6 3 6 0 0 0 0 0 0 0 0 0 0 0
2 1 1 3 6 3 2 1 0 0 0 0 0 0 0 0 0 0 0 0
2 4 4 1 3 2 4 1 0 0 0 0 0 0 0 0 0 0 0 0
11 6 5 3 2 1 4 13 2 1 0 0 0 0 0 0 0 0 0 0
2 1 1 8 4 4 1 6 0 0 0 0 0 0 0 0 0 0 0 0
2 7 2 4 1 5 11 6 0 0 0 0 0 0 0 0 0 0 0 0
2 4 4 1 1 7 10 3 2 4 1 0 0 0 0 0 0 0 0 0
2 1 1 3 13 2 1 1 1 1 8 1 0 0 0 0 0 0 0 0
2 4 1 1 3 2 1 3 2 4 1 0 0 0 0 0 0 0 0 0
2 4 1 1 3 2 4 4 1 0 0 0 0 0 0 0 0 0 0 0
2 4 1 8 15 1 3 2 4 1 0 0 0 0 0 0 0 0 0 0
4 6 5 14 2 1 3 1 0 0 0 0 0 0 0 0 0 0 0 0
2 4 1 7 3 2 4 1 0 0 0 0 0 0 0 0 0 0 0 0
1 1 3 4 6 8 2 1 0 0 0 0 0 0 0 0 0 0 0 0
2 1 1 1 7 13 15 12 4 0 0 0 0 0 0 0 0 0 0 0
2 1 3 2 1 8 2 5 3 2 1 16 7 5 2 1 0 0 0 0
2 1 7 3 2 12 10 1 0 0 0 0 0 0 0 0 0 0 0 0
6 3 1 6 8 6 3 2 1 0 0 0 0 0 0 0 0 0 0 0
2 1 1 7 5 3 2 1 3 2 1 0 0 0 0 0 0 0 0 0
2 4 1 1 18 4 4 1 0 0 0 0 0 0 0 0 0 0 0 0
2 1 5 2 1 3 2 1 1 16 7 2 1 0 0 0 0 0 0 0
2 4 1 1 1 3 11 4 1 6 0 0 0 0 0 0 0 0 0 0
2 4 1 18 1 10 3 2 1 0 0 0 0 0 0 0 0 0 0 0
2 4 1 5 13 15 10 3 11 6 0 0 0 0 0 0 0 0 0 0
2 1 5 3 2 1 8 2 1 5 5 3 2 1 0 0 0 0 0 0
2 1 5 2 1 7 2 4 1 3 6 0 0 0 0 0 0 0 0 0
2 1 3 1 6 5 4 6 0 0 0 0 0 0 0 0 0 0 0 0
2 1 3 2 1 8 1 1 3 2 4 1 0 0 0 0 0 0 0 0
2 4 1 3 2 1 5 12 0 0 0 0 0 0 0 0 0 0 0 0
2 1 5 4 3 2 1 1 0 0 0 0 0 0 0 0 0 0 0 0
2 1 5 3 2 1 3 2 1 3 2 1 0 0 0 0 0 0 0 0
2 1 8 4 1 3 2 1 3 2 1 5 1 0 0 0 0 0 0 0
2 4 1 7 5 3 2 4 1 0 0 0 0 0 0 0 0 0 0 0
2 7 2 4 1 3 2 1 8 1 1 0 0 0 0 0 0 0 0 0
1 3 2 4 1 3 6 3 1 0 0 0 0 0 0 0 0 0 0 0
2 4 1 3 2 1 4 1 1 0 0 0 0 0 0 0 0 0 0 0
1 1 3 1 1 3 1 1 0 0 0 0 0 0 0 0 0 0 0 0
11 1 19 5 3 3 2 1 6 0 0 0 0 0 0 0 0 0 0 0
2 4 1 3 2 1 3 2 1 0 0 0 0 0 0 0 0 0 0 0
1 1 5 14 3 2 1 3 2 4 1 0 0 0 0 0 0 0 0 0
2 1 5 2 1 9 7 10 0 0 0 0 0 0 0 0 0 0 0 0
2 1 7 5 2 1 3 2 1 0 0 0 0 0 0 0 0 0 0 0
6 17 13 15 3 5 6 3 2 12 4 1 1 0 0 0 0 0 0 0
6 17 9 6 3 3 1 6 0 0 0 0 0 0 0 0 0 0 0 0
2 1 7 3 2 1 3 1 5 2 1 0 0 0 0 0 0 0 0 0
2 4 1 3 12 2 1 8 2 1 0 0 0 0 0 0 0 0 0 0
2 4 1 3 2 4 1 3 6 0 0 0 0 0 0 0 0 0 0 0
2 4 1 3 2 1 3 2 1 0 0 0 0 0 0 0 0 0 0 0
2 1 1 1 3 2 1 1 1 0 0 0 0 0 0 0 0 0 0 0
2 1 3 2 1 5 2 1 3 2 1 0 0 0 0 0 0 0 0 0
2 1 3 2 4 1 3 2 1 0 0 0 0 0 0 0 0 0 0 0
2 4 8 4 1 3 4 1 0 0 0 0 0 0 0 0 0 0 0 0
2 1 3 6 5 3 9 1 19 1 3 2 4 1 0 0 0 0 0 0
2 1 3 3 11 6 3 2 1 1 0 0 0 0 0 0 0 0 0 0
2 4 1 7 10 3 1 3 2 1 0 0 0 0 0 0 0 0 0 0
2 1 5 3 2 1 8 2 1 5 3 2 1 3 2 1 1 0 0 0
2 1 8 9 1 5 14 2 1 3 13 2 1 3 2 6 0 0 0 0
2 1 3 2 1 3 2 1 1 3 9 0 0 0 0 0 0 0 0 0
2 1 1 3 4 6 3 9 0 0 0 0 0 0 0 0 0 0 0 0
2 1 8 4 1 18 4 1 0 0 0 0 0 0 0 0 0 0 0 0
2 1 7 5 1 3 9 1 0 0 0 0 0 0 0 0 0 0 0 0
2 4 1 7 5 2 4 1 0 0 0 0 0 0 0 0 0 0 0 0
2 1 7 10 3 4 6 8 2 4 1 0 0 0 0 0 0 0 0 0
2 1 3 6 5 6 3 2 4 1 0 0 0 0 0 0 0 0 0 0
2 1 5 3 2 1 3 2 1 0 0 0 0 0 0 0 0 0 0 0
2 12 10 1 3 4 8 4 6 0 0 0 0 0 0 0 0 0 0 0
2 1 3 6 7 5 3 2 1 3 4 6 0 0 0 0 0 0 0 0
2 4 4 1 3 2 1 3 1 0 0 0 0 0 0 0 0 0 0 0
2 4 1 10 3 11 4 6 0 0 0 0 0 0 0 0 0 0 0 0
2 4 1 5 3 2 1 3 2 1 3 1 0 0 0 0 0 0 0 0
1 7 3 2 1 3 2 1 3 4 1 6 0 0 0 0 0 0 0 0
11 4 6 5 14 2 1 1 3 5 3 2 1 19 1 0 0 0 0 0
2 4 1 5 3 2 1 1 3 2 1 3 2 1 0 0 0 0 0 0
2 1 3 9 1 6 14 1 0 0 0 0 0 0 0 0 0 0 0 0
4 6 5 3 2 1 3 2 1 0 0 0 0 0 0 0 0 0 0 0
2 1 5 9 1 3 2 1 0 0 0 0 0 0 0 0 0 0 0 0
2 1 3 2 1 3 2 1 0 0 0 0 0 0 0 0 0 0 0 0
2 1 3 2 1 19 1 7 10 3 9 0 0 0 0 0 0 0 0 0
2 1 16 7 5 14 3 2 1 0 0 0 0 0 0 0 0 0 0 0
2 1 7 5 3 2 1 4 13 2 1 0 0 0 0 0 0 0 0 0
6 17 5 3 2 1 3 2 1 1 0 0 0 0 0 0 0 0 0 0
2 1 7 2 4 1 3 2 1 0 0 0 0 0 0 0 0 0 0 0
2 1 5 3 9 1 3 13 9 0 0 0 0 0 0 0 0 0 0 0
2 1 8 1 1 1 3 2 4 1 0 0 0 0 0 0 0 0 0 0
11 6 3 2 4 1 3 2 1 0 0 0 0 0 0 0 0 0 0 0
2 4 8 4 1 7 3 2 1 1 0 0 0 0 0 0 0 0 0 0
2 4 1 1 1 3 2 1 0 0 0 0 0 0 0 0 0 0 0 0
12 15 1 3 4 1 6 8 1 1 1 0 0 0 0 0 0 0 0 0
2 1 1 1 3 6 8 6 0 0 0 0 0 0 0 0 0 0 0 0
2 1 5 3 2 1 3 2 1 0 0 0 0 0 0 0 0 0 0 0
2 4 1 6 17 2 4 1 0 0 0 0 0 0 0 0 0 0 0 0
2 4 4 1 1 1 6 3 2 1 1 0 0 0 0 0 0 0 0 0
2 4 8 4 1 3 2 21 1 1 0 0 0 0 0 0 0 0 0 0
2 1 3 11 6 3 2 1 0 0 0 0 0 0 0 0 0 0 0 0
2 1 3 2 4 5 4 1 0 0 0 0 0 0 0 0 0 0 0 0
2 1 1 3 1 1 1 8 4 1 0 0 0 0 0 0 0 0 0 0
11 6 3 2 1 3 1 1 1 0 0 0 0 0 0 0 0 0 0 0
5 2 1 14 2 1 16 7 2 1 12 3 9 0 0 0 0 0 0 0
2 1 1 1 8 1 3 1 3 9 0 0 0 0 0 0 0 0 0 0
2 1 7 5 3 2 1 4 13 2 1 0 0 0 0 0 0 0 0 0
2 1 3 6 17 5 13 15 3 2 4 1 0 0 0 0 0 0 0 0
2 2 4 1 3 2 4 1 0 0 0 0 0 0 0 0 0 0 0 0
2 1 1 1 3 2 1 3 2 1 0 0 0 0 0 0 0 0 0 0
2 1 3 2 4 8 4 1 0 0 0 0 0 0 0 0 0 0 0 0
2 1 3 1 1 8 1 8 1 0 0 0 0 0 0 0 0 0 0 0
2 1 5 3 2 1 3 5 2 1 0 0 0 0 0 0 0 0 0 0
2 1 1 7 11 6 3 2 1 3 9 0 0 0 0 0 0 0 0 0
2 1 7 2 1 3 2 1 5 14 0 0 0 0 0 0 0 0 0 0
2 1 7 2 1 22 2 1 23 15 0 0 0 0 0 0 0 0 0 0
2 4 1 7 5 9 1 3 1 3 2 4 1 0 0 0 0 0 0 0
3 4 1 3 2 1 8 6 0 0 0 0 0 0 0 0 0 0 0 0
2 1 1 7 5 3 2 4 1 0 0 0 0 0 0 0 0 0 0 0
