1 68 148 2 1 69 99 3 51 100 0 0 0 0 0 0 0 0 0 0
1 21 70 30 20 4 51 7 1 149 0 0 0 0 0 0 0 0 0 0
1 71 2 31 101 5 1 16 17 5 41 0 0 0 0 0 0 0 0 0
1 22 24 102 15 52 20 150 103 1 151 20 22 0 0 0 0 0 0 0
1 72 152 32 42 73 3 74 0 0 0 0 0 0 0 0 0 0 0 0
153 9 1 154 75 53 33 4 1 155 104 54 0 0 0 0 0 0 0 0
31 5 16 156 157 4 1 25 10 0 0 0 0 0 0 0 0 0 0 0
76 9 1 31 5 16 10 2 1 55 17 5 1 158 6 3 55 0 0 0
1 31 159 105 10 2 1 160 161 6 3 55 0 0 0 0 0 0 0 0
3 77 26 1 69 99 1 162 0 0 0 0 0 0 0 0 0 0 0 0
1 70 30 20 4 1 78 106 0 0 0 0 0 0 0 0 0 0 0 0
34 56 20 6 3 57 6 3 27 0 0 0 0 0 0 0 0 0 0 0
8 32 24 9 163 79 164 165 53 33 0 0 0 0 0 0 0 0 0 0
1 10 2 101 24 80 166 167 31 0 0 0 0 0 0 0 0 0 0 0
1 10 2 1 11 17 5 107 0 0 0 0 0 0 0 0 0 0 0 0
1 168 169 170 58 171 81 12 0 0 0 0 0 0 0 0 0 0 0 0
8 23 108 2 35 172 173 7 82 0 0 0 0 0 0 0 0 0 0 0
1 10 17 2 174 6 3 83 0 0 0 0 0 0 0 0 0 0 0 0
1 25 175 11 4 1 176 84 0 0 0 0 0 0 0 0 0 0 0 0
34 177 43 36 1 18 37 15 1 27 0 0 0 0 0 0 0 0 0 0
1 10 17 5 178 179 180 109 0 0 0 0 0 0 0 0 0 0 0 0
76 9 8 110 85 181 35 182 0 0 0 0 0 0 0 0 0 0 0 0
8 183 59 184 185 9 20 6 1 186 106 0 0 0 0 0 0 0 0 0
1 187 111 37 15 1 112 113 12 17 5 114 0 0 0 0 0 0 0 0
1 21 188 68 2 1 69 86 3 51 100 0 0 0 0 0 0 0 0 0
1 21 70 30 2 1 189 190 115 0 0 0 0 0 0 0 0 0 0 0
1 191 11 5 17 192 4 1 25 71 0 0 0 0 0 0 0 0 0 0
116 117 87 88 3 118 4 193 0 0 0 0 0 0 0 0 0 0 0 0
1 21 28 9 86 1 16 11 0 0 0 0 0 0 0 0 0 0 0 0
38 27 2 20 56 5 1 18 0 0 0 0 0 0 0 0 0 0 0 0
3 81 23 84 102 15 52 194 195 0 0 0 0 0 0 0 0 0 0 0
1 13 4 1 196 5 197 14 6 1 18 24 9 198 3 29 0 0 0 0
1 13 89 2 1 199 200 201 0 0 0 0 0 0 0 0 0 0 0 0
202 7 203 204 5 205 4 1 38 0 0 0 0 0 0 0 0 0 0 0
1 206 207 9 14 4 1 208 6 1 209 0 0 0 0 0 0 0 0 0
1 210 10 114 211 119 21 212 0 0 0 0 0 0 0 0 0 0 0 0
1 13 213 1 214 44 1 29 60 24 9 1 11 0 0 0 0 0 0 0
8 110 90 215 85 2 35 216 90 109 0 0 0 0 0 0 0 0 0 0
8 91 217 218 22 20 6 3 27 0 0 0 0 0 0 0 0 0 0 0
1 219 220 43 15 52 221 222 34 45 0 0 0 0 0 0 0 0 0 0
1 19 14 6 1 18 5 1 19 120 43 61 3 46 0 0 0 0 0 0
1 47 121 1 223 224 1 225 226 7 227 0 0 0 0 0 0 0 0 0
1 92 7 30 228 229 230 231 0 0 0 0 0 0 0 0 0 0 0 0
1 10 2 1 17 5 107 232 2 1 233 234 0 0 0 0 0 0 0 0
1 235 75 4 3 54 42 236 0 0 0 0 0 0 0 0 0 0 0 0
8 32 42 237 4 3 31 54 0 0 0 0 0 0 0 0 0 0 0 0
1 19 14 6 1 18 4 3 122 7 3 38 0 0 0 0 0 0 0 0
1 123 5 21 238 4 3 122 7 3 38 124 78 0 0 0 0 0 0 0
1 123 239 9 14 6 1 59 18 0 0 0 0 0 0 0 0 0 0 0
76 9 8 240 11 2 1 17 5 241 242 0 0 0 0 0 0 0 0 0
243 7 1 16 244 2 245 6 48 0 0 0 0 0 0 0 0 0 0 0
8 91 11 2 1 246 247 248 48 0 0 0 0 0 0 0 0 0 0 0
23 84 2 23 249 6 125 48 0 0 0 0 0 0 0 0 0 0 0 0
34 250 49 251 62 7 3 22 126 0 0 0 0 0 0 0 0 0 0 0
3 252 41 2 1 50 4 3 12 0 0 0 0 0 0 0 0 0 0 0
127 253 42 33 128 3 254 6 8 255 256 0 0 0 0 0 0 0 0 0
1 28 124 1 257 39 26 258 0 0 0 0 0 0 0 0 0 0 0 0
1 19 9 40 1 93 4 3 38 0 0 0 0 0 0 0 0 0 0 0
56 259 15 260 128 129 261 262 1 263 264 38 27 0 0 0 0 0 0 0
63 265 130 266 62 7 22 126 0 0 0 0 0 0 0 0 0 0 0 0
1 47 89 6 1 267 7 78 268 3 269 0 0 0 0 0 0 0 0 0
1 270 10 2 271 1 11 5 1 272 0 0 0 0 0 0 0 0 0 0
1 64 273 4 1 131 10 61 274 0 0 0 0 0 0 0 0 0 0 0
1 275 65 7 1 11 2 1 60 0 0 0 0 0 0 0 0 0 0 0
1 276 66 29 44 1 11 29 60 0 0 0 0 0 0 0 0 0 0 0
1 65 7 1 13 132 1 133 4 1 12 0 0 0 0 0 0 0 0 0
1 277 7 8 278 13 86 1 12 0 0 0 0 0 0 0 0 0 0 0
1 25 5 279 10 2 64 280 0 0 0 0 0 0 0 0 0 0 0 0
1 281 7 63 14 4 130 282 49 134 4 1 94 283 0 0 0 0 0 0
1 28 4 284 34 56 4 1 129 285 0 0 0 0 0 0 0 0 0 0
1 25 22 9 20 4 51 7 1 286 0 0 0 0 0 0 0 0 0 0
1 19 14 6 1 18 5 1 19 120 103 3 18 36 1 46 135 0 0 0
1 19 5 95 93 40 88 1 57 37 15 1 287 2 288 289 0 0 0 0
1 41 2 1 290 7 1 28 41 6 39 0 0 0 0 0 0 0 0 0
8 23 108 2 291 82 4 39 0 0 0 0 0 0 0 0 0 0 0 0
1 292 5 59 58 105 12 96 0 0 0 0 0 0 0 0 0 0 0 0
1 13 9 132 133 4 97 12 0 0 0 0 0 0 0 0 0 0 0 0
8 91 13 9 293 8 294 295 0 0 0 0 0 0 0 0 0 0 0 0
1 12 9 296 2 67 297 5 1 67 298 0 0 0 0 0 0 0 0 0
1 92 7 45 87 299 4 1 300 27 0 0 0 0 0 0 0 0 0 0
1 47 40 4 3 98 6 3 57 0 0 0 0 0 0 0 0 0 0 0
1 301 302 12 2 136 5 67 303 0 0 0 0 0 0 0 0 0 0 0
1 304 7 117 9 305 73 1 92 7 306 307 0 0 0 0 0 0 0 0
1 58 308 11 4 1 10 2 309 0 0 0 0 0 0 0 0 0 0 0
1 25 85 310 2 35 59 311 0 0 0 0 0 0 0 0 0 0 0 0
1 312 22 14 313 3 118 2 1 314 6 48 0 0 0 0 0 0 0 0
315 9 4 3 74 36 8 137 2 116 316 317 0 0 0 0 0 0 0 0
138 64 63 139 62 1 22 50 140 14 6 1 19 49 134 0 0 0 0 0
1 141 13 66 44 1 29 60 4 3 318 7 1 11 0 0 0 0 0 0
8 32 2 319 79 320 62 79 0 0 0 0 0 0 0 0 0 0 0 0
64 142 14 6 3 321 7 1 143 0 0 0 0 0 0 0 0 0 0 0
1 19 40 95 93 6 3 57 0 0 0 0 0 0 0 0 0 0 0 0
1 13 2 1 77 36 1 322 0 0 0 0 0 0 0 0 0 0 0 0
3 48 7 1 143 49 323 26 142 6 39 0 0 0 0 0 0 0 0 0
1 75 24 9 53 33 36 8 324 0 0 0 0 0 0 0 0 0 0 0
1 13 9 14 6 1 18 37 15 1 77 0 0 0 0 0 0 0 0 0
45 80 43 61 3 46 325 1 46 135 0 0 0 0 0 0 0 0 0 0
3 12 26 1 16 41 2 1 50 0 0 0 0 0 0 0 0 0 0 0
1 13 326 2 97 28 37 15 327 0 0 0 0 0 0 0 0 0 0 0
1 12 5 328 71 96 2 1 72 50 0 0 0 0 0 0 0 0 0 0
35 144 4 1 131 329 2 1 50 0 0 0 0 0 0 0 0 0 0 0
8 94 5 16 32 9 4 3 104 54 0 0 0 0 0 0 0 0 0 0
1 21 28 66 29 44 1 11 0 0 0 0 0 0 0 0 0 0 0 0
330 331 12 2 136 83 332 5 112 113 333 0 0 0 0 0 0 0 0 0
1 334 23 335 7 82 5 336 0 0 0 0 0 0 0 0 0 0 0 0
1 47 40 73 3 98 2 8 145 0 0 0 0 0 0 0 0 0 0 0
1 25 337 338 119 1 72 30 0 0 0 0 0 0 0 0 0 0 0 0
49 74 339 340 89 6 8 341 342 0 0 0 0 0 0 0 0 0 0 0
1 21 5 16 343 7 8 344 13 146 0 0 0 0 0 0 0 0 0 0
1 10 2 35 144 6 3 55 0 0 0 0 0 0 0 0 0 0 0 0
1 65 7 1 58 139 12 96 0 0 0 0 0 0 0 0 0 0 0 0
1 81 23 2 147 345 346 5 347 348 0 0 0 0 0 0 0 0 0 0
34 45 6 3 349 61 350 351 146 0 0 0 0 0 0 0 0 0 0 0
87 1 30 88 1 27 24 26 352 353 354 6 39 0 0 0 0 0 0 0
1 12 111 17 5 83 2 355 6 39 0 0 0 0 0 0 0 0 0 0
1 13 9 14 6 1 18 37 15 1 68 0 0 0 0 0 0 0 0 0
1 356 7 45 80 43 15 357 6 1 94 46 0 0 0 0 0 0 0 0
8 358 16 12 2 8 359 360 0 0 0 0 0 0 0 0 0 0 0 0
1 28 66 29 44 1 11 4 1 10 0 0 0 0 0 0 0 0 0 0
8 137 361 1 362 5 363 364 0 0 0 0 0 0 0 0 0 0 0 0
8 23 2 125 365 5 366 5 147 0 0 0 0 0 0 0 0 0 0 0
1 47 40 4 3 98 140 121 8 145 0 0 0 0 0 0 0 0 0 0
1 19 367 26 138 63 4 3 115 2 95 0 0 0 0 0 0 0 0 0
1 13 368 1 65 7 8 32 53 33 0 0 0 0 0 0 0 0 0 0
3 369 26 1 370 371 3 372 373 52 0 0 0 0 0 0 0 0 0 0
3 141 13 9 374 97 375 7 90 2 1 67 376 0 0 0 0 0 0 0
33 16 11 2 1 377 5 378 0 0 0 0 0 0 0 0 0 0 0 0
1 379 127 9 42 36 1 380 381 0 0 0 0 0 0 0 0 0 0 0
